   54620   43523
   52694   42750
   53253   43024
   54925   42624
   54973   43980
   52967   42955
   55143   40238
   53071   44896
   55710   44219
   54459   43964
   54467   44351
   53570   41898
   55155   43399
   54051   41019
   55335   44023
   54449   42872
   53399   42273
   54241   43580
   56000   41710
   53204   42630
   54524   42904
   55665   44100
   55829   40780
   54059   42096
   53106   42771
   54427   43777
   55368   41828
   53927   45077
   55278   44081
   55909   41497
   53344   42929
   55095   42443
   55645   43363
   55718   43777
   57115   44424
   54963   44875
   54483   43594
   54543   44843
   54263   39356
   53992   42499
   54729   40311
   55013   44589
   53332   43782
   52627   41645
   57103   40709
   54352   42520
   50478   42084
   54849   41733
   53055   42310
   55191   42127
   51936   41784
   54594   44345
   52164   42650
   56302   42288
   52913   44156
   53697   46311
   53582   40916
   52993   40890
   54222   43822
   52221   43490
   55062   44521
   52460   42366
   54341   45492
   52195   42091
   53141   41774
   53476   41355
   54256   44048
   56036   42102
   54916   42689
   53420   44299
   54924   42079
   56208   41204
   53855   42912
   55078   42668
   52975   43407
   52526   43275
   56191   42928
   56569   44022
   53730   42300
   56749   45529
   55281   42586
   56338   39718
   52456   43210
   55388   42905
   55983   42644
   54325   45723
   52346   41845
   52745   42741
   54393   42416
   53106   42336
   56285   41221
   54064   41409
   53703   44027
   54179   45588
   55395   42014
   53023   46128
   56830   40997
   57981   42287
   52898   41098
   54307   42992
   55303   44416
   52517   43287
   53727   41735
   55346   40987
   53531   43995
   54225   40013
   54111   43711
   55977   44177
   55227   44206
   52351   45876
   49952   42514
   55911   44667
   55825   42139
   53832   43983
   54353   42453
   50548   44199
   54329   44001
   54691   42918
   54026   42248
   54140   42328
   54032   42111
   54556   42397
   55092   43404
   54417   42391
   57398   41217
   55169   42237
   53973   44112
   53795   43670
   52409   41340
   51167   45741
   56804   43627
   56299   42413
   55062   43027
   54716   43766
   54943   41966
   57196   43284
   54033   40367
   56416   42968
   56087   43599
   54414   44613
   52304   42213
   57416   43226
   54876   42500
   52495   41064
   54272   43145
   55984   40501
   53322   41799
   55053   43347
   54308   42602
   54091   44335
   50545   49343
   50711   50227
   49983   48300
   51327   46829
   53980   49207
   52846   50052
   51816   47204
   51421   49806
   49762   47210
   51564   50111
   51541   48433
   54602   50309
   51116   48104
   53307   51015
   51683   49283
   51485   48750
   52477   50139
   52872   50375
   54275   48580
   51460   49224
   52073   50583
   50778   50832
   52994   49958
   52103   49204
   51076   50440
   49868   50597
   51122   48724
   53609   48195
   50862   48277
   50697   47557
   52531   50046
   51759   49073
   50162   50113
   51046   51417
   52256   47563
   54748   47435
   51069   50726
   53561   46928
   50745   51221
   51125   52196
   49630   48514
   53771   49411
   50498   50993
   52768   50430
   51476   50875
   50128   50117
   49685   48605
   49164   46821
   51674   48858
   50230   49055
   53145   48166
   50617   48690
   53365   47853
   53322   49129
   52899   49148
   53498   48141
   50423   47832
   51377   48123
   50843   49836
   51344   48631
   52620   47208
   53300   49981
   53300   50101
   51333   48502
   52533   48519
   49164   49656
   52172   50246
   52323   49316
   49154   48565
   50651   49838
   50835   50099
   53742   49907
   50691   50499
   51354   46853
   50952   49346
   52105   49253
   52045   48784
   51808   47875
   51536   50378
   52080   46732
   51189   50434
   51798   48228
   51985   49754
   53241   53420
   52899   48633
   54090   49415
   51910   50787
   51162   51612
   52155   50267
   49469   49205
   51308   49630
   50307   51082
   50059   45731
   50244   48477
   48977   47710
   48661   50836
   51554   51790
   51397   50323
   52757   50130
   52164   47191
   51089   48855
   52166   48385
   52613   50446
   51235   49140
   50455   50713
   52393   49486
   51011   48580
   51294   48648
   52558   50207
   53182   51978
   53694   51985
   50822   48480
   50663   49713
   49538   51625
   53264   48831
   51545   48362
   51808   52179
   53242   51473
   49352   49577
   51610   48965
   48381   48106
   48715   49479
   50929   50250
   50452   48945
   52903   49650
   52902   50105
   50369   49615
   51003   48693
   51586   49170
   52214   50324
   51815   49375
   50015   49385
   49968   44951
   51274   51159
   50139   48240
   51568   48212
   52094   49427
   53771   49868
   52696   51309
   51353   50271
   52110   48679
   53065   49559
   51243   49471
   49158   47569
   51589   53212
   50716   50226
   52917   51056
   52046   47422
   50183   48147
   49685   50701
   59637   45811
   60147   45082
   60025   50540
   62099   45862
   62457   44344
   60734   45976
   61654   45375
   62737   46856
   59434   45767
   61383   46454
   59180   45359
   62661   46734
   61930   45278
   61909   46072
   63957   47753
   62033   45635
   58244   45992
   61159   45013
   61495   46965
   62011   48870
   59014   46813
   59953   46852
   61075   46380
   59978   45921
   63518   45366
   60662   45183
   61917   49590
   58162   45461
   58656   47841
   60103   43554
   61360   46709
   61576   48371
   59026   46292
   61555   46519
   63261   45819
   61252   48636
   60366   46199
   59988   48268
   62906   45197
   59397   44267
   61898   46911
   62684   47619
   62113   46253
   61034   48519
   60097   49612
   59797   43693
   61500   44023
   58569   46086
   62098   48364
   60135   46592
   63119   45688
   61016   47793
   60779   47519
   61530   46159
   62512   46476
   59835   47222
   59495   47409
   58468   48906
   57948   47995
   59107   48912
   61258   46064
   59691   47572
   59628   46865
   60173   48289
   61201   45635
   62400   45584
   59578   48612
   61786   44837
   60755   44937
   61942   46526
   61501   45670
   59458   47430
   60630   47285
   59370   48566
   59677   46828
   62217   43734
   59962   46140
   59247   43976
   62951   43581
   64197   46477
   58954   45292
   62130   43638
   61766   44822
   61211   44484
   62982   45314
   60461   46738
   61434   46270
   60185   48738
   60602   44756
   62991   49882
   60817   46350
   59524   46701
   61589   48446
   63760   44658
   62292   48885
   63074   47510
   60573   45064
   62195   46716
   58990   47402
   58730   46167