    851866    156896
    821361    175823
    810775    160434
    843150    156573
    844088    150085
    830620    117906
    835790    127898
    819541    117296
    858703    157931
    857846    153281
    876408    183646
    842576    153072
    848974    199427
    862925    243856
    856561    128799
    834171    189042
    872516    217570
    869167    105039
    819670    183364
    846575    159002
    895127    152283
    830445    186055
    792179    148539
    852410    187705
    853554    158012
    927170    250593
    825605    167750
    846731    162515
    878170    123364
    884966    133900
    866987    154415
    846284    113820
    873474    159567
    878258    158631
    882306    173836
    856924    169071
    794260    129843
    851568    114049
    868736    179354
    925732    210388
    868375    161990
    855593    161003
    849599    157084
    868317    177001
    800304    163436
    823740    169808
    856202    158811
    883929    121705
    851010    157593
    872506    157517
    850533    160136
    816393    185056
    850911    157772
    812942     85345
    835581    147664
    913298    162009
    858172    137586
    872781    154295
    871597    185239
    923120    170161
    837019    215527
    835702    176502
    837017    154170
    859177    143273
    866851    129505
    855852    134834
    924289    171369
    860154    113364
    836739    162321
    850775    162968
    884750    154317
    849681    125345
    854463    159977
    883567    161769
    848137     87922
    823676    152154
    848135    130674
    844400    150812
    864494    136669
    878157    210496
    851088    157432
    786528    104976
    860106    157080
    861412    205239
    820675    168154
    834036    144156
    842907    133992
    846720    162060
    871544    144135
    849003    115373
    856753    145184
    839757    190518
    865113    161302
    846936    161313
    845802    172285
    844357    163402
    881106    105566
    877835    151890
    839445    149778
    866560    165110
    845798    213118
    818668    120458
    831446    182864
    900955    185733
    836647    167267
    874672    104851
    849126    121710
    889142    154467
    855993    225023
    854095    158510
    850787    125678
    859298    139834
    829216    121494
    837676    148639
    851919    127963
    841353    125628
    848563    117708
    893106    176595
    852503    146551
    805089     96540
    854909    149938
    847097    176660
    910435    171155
    878749    188759
    871780    158486
    841292    155620
    846011    160034
    855969    193497
    860927    110775
    808069    134402
    848413    183717
    791722    162000
    852104    134678
    806567    140259
    847423    161535
    867993    162841
    828038    149181
    849404    170474
    841967    150890
    850945    161669
    888697    143969
    813868    188928
    864991    159874
    881109    152198
    811694    188374
    900360    153622
    885764    151791
    814553    164190
    895623    178393
    829790    205695
    865170    173755
    850453    155432
    864211    216526
    848770    111076
    791199    164843
    834165    140684
    843905    219401
    857328    143692
    838146    159541
    340693    569371
    315965    587160
    405652    622938
    359831    554975
    349296    557688
    289423    559134
    408689    562521
    321312    574721
    286568    547471
    370259    585265
    339967    562602
    410917    614521
    283570    563726
    351459    565704
    412767    593558
    283474    532727
    336928    557412
    366478    594677
    343450    570659
    331616    565089
    354529    573677
    276703    559740
    282066    560178
    331366    567311
    321910    573825
    290107    571927
    281979    518199
    374695    563163
    340191    567638
    338583    563529
    358312    559466
    338474    564151
    338205    566246
    342901    582886
    265815    540385
    304086    576100
    347966    563506
    346144    560472
    352381    592377
    318681    528806
    369366    561201
    310041    533285
    344314    595915
    363956    609339
    328586    551385
    330767    552963
    312558    520650
    315850    573154
    379388    567285
    329905    579935
    352209    548608
    357679    548036
    339288    588052
    330335    568221
    341559    562163
    341925    569393
    327695    543105
    335999    549795
    302359    534317
    332586    566187
    330750    561657
    400380    588221
    337910    562252
    336549    565597
    343717    559909
    332116    594868
    358384    556361
    415881    584352
    345164    579614
    316395    537403
    340970    564831
    340383    600071
    326627    534442
    356865    545785
    306298    551902
    347575    565576
    302583    571881
    352424    557574
    279008    521035
    335029    553213
    338753    563384
    324032    577807
    327973    534972
    321924    527106
    345495    579864
    385091    599401
    361138    551307
    332884    533990
    269126    508814
    350056    566657
    374117    546122
    350283    559840
    335525    567445
    350798    535657
    289002    520678
    324516    522674
    364844    571623
    351815    574947
    275524    559548
    348773    583528
    308966    523409
    316313    570785
    341966    561987
    341446    538787
    318823    565345
    347522    587567
    293746    544468
    334983    572690
    325125    564342
    330145    546705
    336336    563145
    302353    545544
    321216    569834
    285152    520229
    335027    565050
    332270    556288
    341016    545280
    339640    561426
    338633    563504
    324952    565867
    353583    554147
    385183    556284
    292636    520371
    289176    571435
    310944    559497
    336974    563207
    337173    557853
    396903    591235
    324440    567074
    333378    557892
    300366    565761
    344437    529492
    325871    558965
    367641    556309
    344552    554676
    297212    546223
    355924    577596
    331340    524203
    292932    558293
    306346    523584
    341966    586266
    282430    560217
    326251    549298
    335201    585318
    351564    573155
    322365    530808
    405542    600089
    296763    528676
    221233    538472
    338084    560295
    345674    579033
    325883    560492
    345123    577788
    329859    564384
    353939    570931
    409616    575024
    365058    545456
    404782    557913
    368724    598412
    344096    575522
    182618    346663
    171461    348130
    186536    330019
    177241    292639
    248683    383412
    174057    358906
    215243    289985
    170688    343596
    144502    345417
    165689    356983
    168443    367928
    165158    343946
    159711    352701
    175781    341039
    233480    289069
    189029    366740
    168573    350387
    170271    306395
    192775    350028
    152054    345632
    139299    314046
    202053    322650
    134695    350397
    159654    381778
    188093    324040
    183236    338163
    156984    430950
    182751    435819
    198908    372797
    198517    325721
    161345    350804
    210497    359835
    141993    331189
    162040    316797
    195000    354829
    126702    351222
    213064    290947
    140612    350010
    172885    352621
    170155    343568s
    144228    344974
    146821    297434
    171848    343242
     94382    320888
    154412    310120
    176490    344679
    170616    352610
     81648    360080
    153607    379395
    183970    355973
    105444    361358
    158571    361986
    177579    319865
    198892    322470
    216975    296647
    166654    350678
    189102    333074
    198712    303299
    137098    384889
    144306    328086
    142455    343512
    178319    318244
    168886    353913
    174656    393278
    130805    354417
    176433    350561
    142252    329183
    165476    377389
    210102    333312
    129453    321221
    144705    375936
    206687    342276
    153583    352282
    189499    356601
    159392    351000
    181463    326571
    162975    335389
    157691    334886
    154167    353183
    165607    362883
    182239    333302
